grep -v "grep 8000" attenuation.txt |awk '{print $1": {\tdB: "$2",\tadsl1: "$3",\tadsl2: "$4",\tadsl1max: "$5",\tadsl2max: "$6"},"}'
100	1.381	8000	24000	8000	24000
500	6.905	8000	24000	8000	24000
900	12.429	8000	23000	8000	24000
1300	17.953	8000	21000	8000	24000
1700	23.477	8000	19000	8000	24000
2100	29.001	8000	16000	8000	24000
2500	34.525	7600	12000	8000	24000
2900	40.049	7000	9000	8000	24000
3300	45.573	5900	7000	8000	24000
3700	51.097	4600	4700	8000	24000
4100	56.621	3300	3600	8000	24000
4500	62.145	2100	2100	8000	24000
4900	67.669	1200	1600	8000	24000
